16.006108568138654
16.60185371322931
17.22117341973412
17.8649182113928
18.533965399360785
19.229219808494697
19.951614520368604
20.702111633343698
21.48170304002128
22.291411222412435
23.132290065164597

16.006108568138654
16.30108645137896
16.60185371322931
16.908514208003066
17.22117341973412
17.53993848423233
17.8649182113928
18.19622310776171
18.533965399360785
18.878259054773444
19.229219808494697
0
0.038748106364
4.4194434347e-05
1.1844323105e-07
9.0138019559e-10
2.2651156593e-11
3.6071154205e-13
3.8493939883e-15
3.8493939883e-15
2.8213521925e-17
1.4251594779e-19
4.8768662286e-22
1.079553927e-24
1.3945027062e-27
7.9795153927e-31
0
25.949192
-0.21316967
0.79018692
0.42527777
0.13304473
0.020241446
0.0012668171
